请求待考勤数据命令

0f 00 00 00 8F 73 65 72 76 65 72 31 30 2D 32 31 31 01 11 FF 

回执
9A 00 00 00 8F 31 30 2D 32 31 31 53 65 72 76 65 72 00 11 01 63 73 31 30 30 31 30 31 44 25 78 5A 20 2B 78 5A 03 00 63 73 32 30 31 34 30 31 35 31 66 35 31 65 65 30 63 38 35 64 65 35 65 38 34 36 37 63 36 61 64 33 34 39 65 30 36 38 35 36 63 73 32 30 31 34 30 32 32 64 38 33 35 34 63 34 36 33 32 62 34 33 39 66 38 63 61 36 66 36 64 34 64 65 61 66 33 38 63 34 63 73 32 30 31 34 30 33 33 31 32 38 63 64 35 63 62 33 30 31 31 37 62 62 34 61 30 36 33 38 36 64 37 65 65 62 62 33 61 36 FF 
10 00 00 00 8F 31 30 2D 32 31 31 53 65 72 76 65 72 00 11 00 ff

推送考勤结果
34 00 00 00 8F 73 65 72 76 65 72 31 30 2D 32 31 31 01 12 63 73 31 30 30 31 30 33 03 00 63 73 32 30 31 34 30 31 01 63 73 32 30 31 34 30 32 01 63 73 32 30 31 34 30 33 01 ff

增加考勤项目负责人部分
晚上考勤项目的教室编号和考勤项目的对应逻辑
考勤结果入库的逻辑修改
分离客户端和服务器，只有服务器才有网络通讯功能，其他客户端只有数据查询功能